4883
99948
0.05
24576
1
57346
40963
24580
98307
98312
32777
10
16392
16396
57353
16398
90126
73742
16407
40984
32791
81948
24605
49180
8221
32802
73766
73767
57386
8235
81965
46
8237
73776
49200
41009
8243
65593
98363
90173
32829
57407
65600
81984
81987
72
16456
65610
98380
41036
41038
8272
49233
57425
16468
16473
16474
82012
57436
65628
41057
90209
8294
73830
73835
24684
90221
73836
98420
82037
57462
65653
82040
16510
49278
16512
65667
73863
98440
82057
65671
91208
82059
8333
90255
73871
65680
65679
16531
90260
8344
90264
65690
24732
90269
158
65694
41121
65698
162
24741
32935
41127
16552
49322
16551
90284
173
16558
175
24748
16561
24750
65716
24757
41140
41142
65724
24767
32960
16578
73924
65736
73928
16586
57547
24779
49357
24781
8399
41167
90320
90324
49364
41173
212
57564
16604
49374
16612
98532
98534
41189
24809
41193
16619
49389
41198
8432
65777
98547
24820
65782
16631
41207
8440
98553
90362
82171
24831
57600
73987
57604
49415
49419
269
271
16660
65813
52158
16663
281
16667
41244
82205
41246
49440
98594
292
90405
294
41255
82219
49453
98606
41262
16692
65846
82230
16694
312
98618
8517
98631
24905
41290
16715
98636
65867
334
49486
65875
57684
90453
98646
65879
24915
90457
74071
57692
8541
82268
33119
41312
90464
16736
90465
65894
57702
57708
90479
98673
82290
8564
82293
52177
74103
74105
8570
8573
98688
82306
8579
49540
49541
57730
16778
394
57740
57742
57749
24982
57750
82328
41370
33179
82333
16798
82335
16800
423
16809
25002
82350
57775
33198
90545
33200
41395
65972
41397
16822
74166
98744
74169
65978
41398
74172
33217
16834
8641
90563
33221
41413
65991
33224
82380
49615
98768
66000
16850
41426
57812
90581
90588
476
82398
8671
90592
49631
8674
33250
66016
478
66023
82410
74222
57839
18009
497
74229
41463
66040
74232
8698
74234
41468
57851
57852
16890
41469
74241
33281
82433
74242
66053
518
74251
74254
16912
57872
90643
8723
66067
66069
8726
66072
33305
33304
8731
25115
49696
547
82469
8743
74280
33320
33328
66097
33333
98871
57913
33337
90681
66108
57917
33339
66111
575
90689
74303
579
33350
41543
49736
8778
82508
90701
8781
66127
16976
98897
49746
16979
41552
16975
41556
66132
25176
57945
49755
98910
41568
90721
25186
57955
98916
49766
25192
8808
98922
41579
82539
49773
57966
33393
82548
66167
98936
633
33403
8827
74363
49790
41598
8831
66178
90755
41604
652
90765
49808
17042
33428
25236
17044
17046
66196
25242
66204
25249
33445
98982
33446
49831
8872
90807
74426
58043
66238
703
66240
99009
58050
90817
41670
17094
74440
99017
25295
25297
99025
49877
25301
17111
33496
49879
33493
17114
99033
25322
33516
66285
25326
33519
99056
74481
17137
74483
99060
8947
8954
74491
25341
41726
99072
74497
66305
74499
74500
82692
90882
8961
33537
82697
66314
17163
58124
99085
8974
99087
90895
90897
90898
33555
58132
74517
66330
25372
41757
25374
74527
25373
90914
74530
84828
41769
82732
66350
49967
33584
25394
17202
74548
49973
90934
90931
90930
825
17214
58177
66370
82754
836
33605
41798
99143
82760
25415
25409
33611
66380
66381
99153
850
58198
33622
90967
74585
90966
50007
860
41821
25438
9059
868
50019
17254
25449
50028
82798
9071
58222
50033
74610
82800
41845
33654
74617
66428
9084
33665
74625
58243
900
898
91014
99207
9095
904
33674
41867
58252
58253
74637
25486
33680
25490
33684
82836
58262
9110
17303
33688
25500
74654
25503
91040
74656
33696
50083
932
41893
99239
82855
82856
50087
33707
66475
25519
33712
17329
58288
17332
66487
25528
74680
74682
9143
33725
58303
25536
74687
91075
41923
33734
50120
82889
82890
66507
41928
17360
74705
91088
66515
74708
58325
33749
17366
99288
99290
25564
33759
50144
74721
82913
17377
50146
50149
41954
58343
999
91105
66547
25596
58364
58367
25600
66562
74755
91141
41990
9221
66565
17417
9229
1038
58386
99347
74770
17426
91155
66590
33823
82976
25633
1057
42019
58400
17447
82985
66602
91179
50220
33841
25651
82997
17462
58424
17465
83002
25661
74816
1088
17474
83011
99395
9288
25673
99401
74827
91212
91213
42058
25677
17488
50252
58452
58454
17494
25686
99417
25691
50267
99421
42078
91230
91232
42077
42086
66665
9326
33906
99445
99447
33911
25722
66684
58493
1150
33919
91264
50305
25727
50302
1152
42115
74881
25741
17549
74895
66705
9361
17555
50324
50325
50322
42135
83095
25753
91285
17564
1182
91297
91298
83107
58531
74916
50342
91304
42153
33962
9387
25768
66737
91314
58547
91317
33974
74935
83126
25781
17594
42170
17596
1218
83140
99528
66761
50380
17613
50382
25808
58577
50386
99537
34005
17622
1237
34009
42202
25818
17628
34012
99550
50406
34023
50408
17641
50411
40956
25836
1263
83186
34035
42228
1269
83190
17654
9464
1272
9465
74998
99572
91389
42238
50432
9473
17664
17667
83204
91397
58628
9483
25867
34061
99598
34065
75032
58648
91419
75037
42270
99614
75040
50465
99618
50466
9508
50467
25892
1319
9512
42281
17706
91433
25895
34093
1326
34094
83246
9523
1332
9525
1333
9527
42293
25909
9530
9531
58676
9533
1342
34110
9532
58680
91457
75076
75083
99659
58701
34126
25935
50511
25937
91470
42322
1364
17749
9557
50518
66904
58713
34138
1371
42323
58710
99678
42334
58719
83298
25956
17765
99685
42345
50538
25963
34153
58734
66930
9587
91510
83324
11677
66943
9600
75140
99718
25991
42376
9606
83338
75147
42380
1421
34183
66953
58764
83341
50580
58772
91542
42391
42392
26010
9627
42399
9631
66977
83363
75174
42406
99750
1447
9640
1452
9650
50611
9651
17847
34232
34231
17850
26043
67001
42429
75198
67009
26049
50631
9672
67015
42442
1483
83402
50637
83406
26061
50640
75217
99794
9682
99791
83422
50654
91616
58849
17890
34272
50660
83426
50662
67047
42473
17900
42477
50670
42479
75248
26098
50675
99830
26103
34295
17913
58873
83450
75260
1529
34302
1534
83447
75265
99842
58883
42500
67077
91654
67080
50698
34315
17934
34321
75282
67091
91668
34325
1557
9755
34331
91677
91678
34333
99872
58914
83494
34342
67112
1577
75308
34348
1582
1583
1584
83504
9773
83507
58932
99893
42549
1589
91705
17977
83513
75324
42554
75325
9792
26176
67137
42562
26178
58951
83529
1610
67150
34383
18000
58959
99923
67156
9811
83542
18006
58968
26201
75354
42585
1628
50780
91742
67167
26208
26209
58977
18017
9828
9830
34407
18022
42602
50794
1644
50796
99948
50799
42608
9839
75374
18043
59003
50813
42622
9855
67201
26242
75395
1668
9864
91786
59023
50836
50841
9882
75419
18074
75423
9890
50851
18084
26278
67244
9904
26294
75453
75462
59078
34504
67273
42697
67276
1741
83661
1743
83667
67284
83670
1751
1754
26331
42717
26335
59105
26337
59107
18147
9957
9954
18151
26338
50922
42736
67313
50928
34547
34549
91894
18165
59125
34555
34557
34558
18175
91904
26367
42754
91910
26381
1805
91919
26385
50962
34579
18196
83733
50964
10006
50970
67357
75549
42782
1826
67365
1830
83757
1842
67379
18228
1845
91959
67384
75575
75576
50999
59196
51007
67394
42821
75592
91978
51019
75596
34637
51021
34641
83794
51027
34644
26453
1879
83800
10074
42843
67423
83808
75618
67427
34660
34659
75622
26466
18280
75625
92010
83818
34668
26477
51054
92014
34671
42860
10094
75641
10105
34683
10108
42877
92034
10114
26500
92046
75672
18332
67488
59297
42914
10151
67496
18349
75697
1969
10165
51126
83895
59321
10172
51133
26559
42948
28075
51143
51144
83911
59338
10187
34764
18380
42956
18389
51158
59353
18394
51163
59355
51166
83936
59361
92133
34793
34795
75757
42993
67570
75764
51188
92150
10228
51192
67577
10232
92156
43005
2046
18431
83964
59393
51196
67587
67588
51204
26632
83977
75787
67596
10254
83982
43024
83983
10258
34835
10257
34837
18454
10263
67609
59419
75804
34851
18471
51240
51241
18473
43053
26670
2095
18477
75826
26674
84020
18483
18486
2103
10294
67639
67643
43068
84029
84030
92220
34877
34875
26687
59451
75844
51269
92226
10311
10312
2120
67656
26698
51277
10318
18511
43088
26701
51283
59476
2133
18516
2134
43098
43099
75868
67675
51290
59489
67684
2149
26724
92261
51304
92265
75881
10345
75884
92269
10347
51311
15083
43121
26735
67702
43127
36252
26746
75899
67708
84091
92285
26745
84097
2178
34948
10373
84103
18571
2187
18573
67724
34959
84112
59538
67730
26773
51352
10395
51356
92319
67745
26786
92323
34978
18594
18593
84138
67757
67758
59565
10417
67761
34995
67766
35000
2234
35003
10428
43196
84156
84160
43201
84163
51396
92355
35016
51401
92360
59592
18638
43216
10448
84177
18643
2260
18645
84181
10454
43221
92374
43228
2268
26847
26849
2278
18663
84200
2284
59629
26864
35057
75353
51443
43250
35060
26871
67833
59642
67839
26880
26879
51459
35075
76035
51462
67844
18693
18697
43274
18699
67847
51469
84239
76047
59664
18703
10513
51473
59665
51481
2336
10534
26919
2342
26921
10539
35116
43307
76083
35124
26931
59702
59701
43317
26943
51524
2372
92485
59719
26952
67913
67910
2379
76110
76111
76112
10575
43348
92500
26966
43351
84313
84314
59739
67931
43355
26973
76127
51552
51548
51556
18789
67941
59749
2409
2411
67950
51569
35189
84341
59768
92536
10617
59769
18818
76163
18820
51590
35210
59787
92556
10638
2447
2450
18836
59799
43415
92570
51611
59807
10657
59809
10659
27044
92577
68007
84392
92591
35248
59827
84404
76216
92603
59836
76221
35262
92606
35264
10691
76228
18886
68039
68043
76240
76241
68049
27091
92627
76245
35286
27092
55859
2522
2523
68060
92637
27100
43484
76256
59872
51684
59876
84453
59878
92647
10733
18926
27120
68081
76278
2554
59901
27134
10751
2560
10749
2562
18947
92675
10756
2566
68100
84486
2569
68106
27150
18958
68115
27157
2583
92696
43545
84506
84507
10783
10786
76323
92711
76328
43563
27182
43566
84529
76340
27188
10811
27197
92734
68158
43584
68162
59970
84551
68169
84555
84557
10831
84563
19028
19029
43604
27225
68188
92765
68189
51807
27232
2656
10850
76388
43620
92774
92775
10853
51813
19050
68196
76403
60019
19059
35447
43641
19066
92797
76415
10879
76418
35459
76420
2690
76423
2698
84618
43658
76431
92816
51864
60057
68252
51872
2725
51884
76461
43692
51886
27308
51889
20949
92853
51894
27320
92857
2747
68283
2749
39624
92863
60098
68291
35523
19141
84678
2759
92875
76492
43726
84687
84688
76498
91731
92885
60118
10967
27355
10973
35550
43743
84704
2784
35552
35554
43746
68320
91735
51944
68330
35564
10988
51950
84718
27378
92916
92919
11001
51969
60161
8701
51972
84740
60166
76548
35585
51974
27398
35600
60179
43796
27413
35606
11030
11032
2835
11034
19229
60191
60198
52007
35624
92966
92970
76587
92972
76588
52014
2861
11058
92982
19254
68407
11065
27450
60220
2880
52032
76612
43845
2884
76615
35656
84804
76618
68427
43852
19275
43854
35663
93008
60240
76619
27480
93017
27484
43868
27486
76637
43872
84833
19296
27491
68448
68450
27495
35688
68456
60265
2926
19313
11122
11121
68465
43891
2930
52087
43897
52091
43900
93052
11131
76671
35709
76674
2947
35717
93063
60297
43913
19342
27535
68496
93073
76690
76689
84880
35733
68501
60311
76696
93082
35739
11165
35741
19359
60317
84897
19362
76706
76708
43940
35748
35744
35753
76714
27562
52140
76721
52146
35764
2996
84922
27579
27581
68542
60351
19391
76737
76734
43971
76740
52165
43967
68548
3007
35786
19403
76748
43981
27599
84943
76753
93137
19411
35796
84949
84950
84945
43987
43993
93146
93147
43995
60374
27615
43999
11233
84960
93156
35813
27621
60391
29913
27625
11243
52208
27632
27634
93171
19444
76785
93180
3070
60415
44032
68606
19456
68611
35844
44037
93184
35848
68616
52234
35850
52237
44046
85009
19478
76829
19488
93217
11299
85029
3110
60455
52263
27689
19498
68648
19500
68653
3118
44079
68656
19505
27706
93243
52287
93248
27712
68675
93252
19525
19530
44111
93266
85075
85076
44117
52310
35930
35936
19555
3172
85093
11365
35946
19569
11378
27764
76917
52341
85111
44148
52347
85116
60541
44158
68732
52352
93314
68740
3205
3208
19593
85132
85135
93333
11414
35993
93339
3232
36000
76963
52387
3237
27815
44200
68778
3243
3244
52396
27822
11435
68787
93365
76983
3258
93372
3261
3263
44224
68803
76996
44229
44228
11463
93381
85193
60620
3277
77004
36047
27856
3279
60625
60627
36049
36054
44249
19673
11481
11485
19678
68831
77025
36066
93411
85220
85217
19688
36075
52460
77039
60656
44273
93426
36082
27893
44277
27894
93432
27898
93434
19708
85244
36095
3328
44290
68869
3334
77063
3335
27915
85262
85265
3346
19730
11537
85268
52505
44316
3359
85283
77093
93478
27943
3368
11563
85296
27952
27953
85299
27954
85301
36150
93494
52536
52537
68922
68925
60733
19777
68932
3400
27982
36183
36186
3426
3431
28008
52585
11625
68969
77164
28012
44391
85359
36208
52593
11634
77165
28022
28023
60795
52604
85376
28033
93570
11651
19840
3456
36236
77198
77200
36242
69010
69011
69013
93589
19863
28057
60828
44445
11678
85407
3488
28065
93600
11683
44446
69029
85405
85417
70709
52652
60845
52654
3502
69040
3505
69037
85427
77236
93621
19894
52662
44465
69049
85434
44473
19900
52668
36288
52675
69062
77255
85449
77258
69066
93644
19915
60878
52681
60880
11729
28115
3541
31640
69080
3546
28122
11740
85468
52702
28126
69083
69091
36325
85478
77286
60908
93677
93678
69103
60912
19949
69106
69107
44528
11765
52729
69118
19970
85506
69128
85513
28171
28172
3596
11790
44556
93710
77330
93717
69142
19990
93721
28186
44572
77340
11807
52771
60964
11815
36394
11820
44588
44590
93743
93746
93747
11828
69170
52797
20031
20032
20034
85571
93764
52802
77380
93767
28227
93770
44619
20045
11854
36430
36432
85585
28245
77397
85591
36440
3671
28249
20057
28255
20066
61026
3683
11879
28269
3693
69231
61039
69234
3700
44662
11898
44669
61054
44671
36479
28289
69250
44677
69255
61064
20105
85642
3724
28301
20110
93837
85648
11920
36498
69260
77460
93846
36505
11930
52891
11932
28319
44705
28323
3748
69286
36522
28331
11946
85679
44719
28336
20148
85688
93881
11960
77499
93883
69307
3775
44742
3789
36558
52942
69330
85716
69333
36566
11989
69340
61149
3807
20192
52960
12002
3813
44774
28389
85736
36585
12010
93931
20204
69356
52965
28397
28395
61170
3827
69363
85748
44790
69366
3831
28406
52984
3837
93949
12031
44801
85761
85762
44802
20229
52997
20231
28422
85769
61196
77580
44817
53010
53011
85779
44818
36625
77593
12057
85787
44830
3870
53025
3875
93991
93992
44842
44843
28459
61228
12081
61233
44853
12087
44856
3895
20281
28475
3900
20283
44862
77630
36673
77636
69446
3911
3910
77641
85835
3917
69455
779
28501
77653
12120
77658
69467
36700
44893
77663
44895
12128
12130
53090
53094
36711
28519
85865
28523
94061
61294
77679
3952
36721
94065
3957
44922
94075
20348
69501
36734
53122
77698
28550
69512
28554
53131
12170
20362
44940
3983
53137
28563
36757
12182
20375
3991
85912
36762
12185
44951
12189
77726
36765
4002
77731
12197
61349
28583
53162
4012
28588
94125
44976
28593
53173
94136
36793
94138
20411
4028
28603
94144
28609
69568
94147
69570
85960
94153
77770
61387
77772
36810
53192
45007
12240
45010
36821
85976
28633
77787
69596
28636
20448
85985
94178
53219
69604
53217
61415
94189
94190
20462
36848
94193
53232
28659
45044
94198
69622
86008
94201
36856
61430
53241
61437
69630
77821
86014
94207
12290
4098
4100
45054
69640
4109
61454
94222
69651
77844
20502
61462
94233
12316
36893
53278
20509
77856
86045
69662
53284
86057
86062
53296
69681
61496
69690
4158
77888
20545
51302
12355
20548
4166
69702
86086
20553
4170
4174
86095
69712
94292
69717
36950
28756
53333
12377
20570
36955
4185
61533
77920
53345
69730
77921
20580
20581
69733
12388
61544
28777
4203
61548
77933
12401
20597
53366
45175
53368
94330
4221
45184
28801
4225
20614
94343
20616
4234
37012
77978
53403
4251
12446
53407
94369
69804
94381
77998
37040
12466
4274
45238
20662
61624
37049
28858
61627
12475
4287
45248
45249
37056
20675
94401
53445
45254
45251
4296
61641
61642
53449
86213
20685
37070
28879
78032
28881
69844
94421
12501
78040
94426
53469
94430
69855
69856
69857
94434
4324
78053
28912
78065
69880
53499
78077
69888
28929
61700
20745
69897
61707
28939
78096
28944
78097
78099
53526
94487
28951
12568
28952
69914
28956
20765
12577
61730
94500
45351
20776
53545
78123
12588
4399
28979
20787
20788
53563
12604
69948
28987
4415
37184
78145
61759
28995
12615
61767
29001
45385
20809
86348
37198
78162
45399
94552
94553
86361
69979
29021
69982
12638
45406
4457
12650
94569
12653
45422
45423
20849
94578
70004
94581
56248
45436
45437
70013
20864
20868
78214
94601
78219
3109
53645
61838
37263
4494
61841
4498
61843
4499
37266
53654
78230
29078
70048
45473
20898
53666
37285
94630
29095
78250
45482
899
86445
45485
78253
53680
29106
78259
20917
53686
78263
61880
94649
78267
78268
4541
70076
53692
12737
12738
4546
53703
70089
45514
70091
4555
4557
53710
61907
4564
78292
61910
37335
29141
86489
61913
45530
53717
94685
61917
4575
78305
94691
29156
86502
53737
94698
37353
37356
70127
94703
45553
12787
4596
20984
45560
12794
53754
94715
12795
4600
53759
45568
37376
20994
86531
4605
4613
45573
20998
45576
70149
29194
37387
45579
21005
29197
53775
86544
61969
12815
61971
37395
21007
70166
29208
37400
78361
4636
4641
78370
4644
78372
21031
70184
45609
4650
45611
12846
70193
21045
94775
78395
62011
29246
4672
37444
4682
45642
78413
94800
94801
37458
53843
70225
86613
86614
78420
53845
86612
12891
62044
70236
70238
29278
37470
70241
78434
53859
4704
53861
94820
62058
53866
94828
62066
21107
37494
78456
12920
53882
29309
62080
78467
37508
78470
29320
53897
45707
4748
21136
4761
37530
70297
53916
29340
7460
12957
37536
37537
94882
62116
53924
29353
78508
86703
21167
45743
21168
53940
21174
21175
86712
7465
70331
45756
21179
86715
4799
37571
53955
53957
29381
45768
94920
53963
21196
13005
21195
86734
13007
21201
78548
21206
45783
31895
13016
29399
37595
53980
70368
4833
21222
78568
29420
62190
45806
37616
94959
54000
54005
37622
4853
4856
13048
54013
4861
37632
29441
78593
45824
94981
29447
62215
62217
13065
13066
86791
86797
37645
4879
78608
4881
45843
37654
54040
95001
21274
13082
86811
45855
21280
78625
62239
4900
54054
38424
37677
86831
70448
4913
54064
4915
70449
37686
13112
78648
86843
29502
70463
4926
78657
70466
13122
45886
54086
21321
95050
4943
37712
95058
70487
29528
45912
95066
4955
86875
37725
13149
95071
21345
45922
4963
62305
4965
70502
70501
4967
54122
54123
29548
21356
62318
95089
95092
70517
70519
78712
21368
62330
21375
86912
95105
21377
70532
21381
37767
86922
62347
21388
62349
13198
37777
13208
5017
54170
78745
62364
70554
5022
70559
95139
70564
78756
37796
62376
45993
45994
86954
13228
29617
13234
86963
70585
78778
5050
21434
13247
70591
21442
70594
5058
54213
95173
54215
62407
46025
21452
13260
54222
5071
37840
78801
37842
21458
95191
46042
29662
54241
78824
46058
95212
95215
46064
62449
13297
13299
46066
37873
70640
5107
29688
62457
13307
54268
54270
5121
78849
54273
46082
95236
87041
13322
95244
37901
54287
46097
46100
21524
37911
70681
54298
5152
29729
87076
13350
87081
78890
95282
21556
29749
21557
70711
21560
37945
70712
13371
87095
95293
29758
46143
5187
21580
21581
21584
5200
95313
78931
5204
46165
21589
46167
46160
37977
62548
87132
13405
87134
54368
78948
87140
95337
95338
62911
21613
95341
13424
29814
38006
87160
78968
5245
62590
29824
29826
70789
95369
62603
5263
62609
54417
5285
5287
38055
54442
38060
95405
5296
13491
13492
13494
87223
13497
62653
5309
29887
38082
29892
54469
5318
62662
29896
79049
29898
13512
13513
95437
5326
54479
29899
79057
29908
46294
70870
70872
95449
79066
87259
87258
38109
79070
70878
21721
5345
87266
13539
29922
5349
29925
46306
38116
62694
87274
38117
79084
87270
13550
21744
62704
46322
54517
46326
70904
5370
46333
62718
79104
54531
95492
95494
21767
38152
54537
13578
13582
46352
54549
95510
62744
13593
87322
5403
5405
21789
54806
62754
29987
5412
54564
95529
46379
95534
46385
38194
54581
13621
54583
70968
38216
54602
5451
21838
21840
38225
54609
5464
54620
95582
5473
87396
38248
46442
71019
95596
5485
30062
95599
71025
38261
54650
71035
30076
13694
87424
38277
95623
54668
21901
46478
46479
13712
87443
38292
71061
95638
54681
71066
30111
5536
87457
38306
95651
79266
46499
21929
5546
21930
5548
79277
95663
21936
54703
21938
5554
79284
13752
13757
30142
21949
62912
30144
38338
21955
46531
62917
62918
30146
87494
21970
54740
71125
5591
21975
87518
79327
13790
71137
46560
30180
87525
5605
38375
13800
54760
71147
79341
79342
79344
95729
13809
30195
5620
79349
95735
13816
13815
30200
79355
13819
13817
5625
46591
13824
95746
79367
30218
71180
79373
22029
46607
38416
87565
71186
22034
71182
5653
13846
62997
30227
54803
22041
46613
87580
79388
22040
13855
54816
5665
46622
79394
13860
71205
95780
13863
46632
54825
13872
63027
63028
46645
13878
87604
95802
54846
63039
38464
95807
13886
22084
71237
54854
46666
95821
13904
38485
87637
79447
63066
95837
79454
38493
22109
46689
95846
54889
30315
5739
5741
63084
5743
38512
54897
95860
71286
63095
13944
5751
54907
5757
13955
79492
87684
71301
71303
95879
5769
38538
5768
46726
22159
46736
46737
87699
71317
63126
5783
46744
71321
46746
95899
46750
54944
63137
71330
46755
71335
63143
13991
95913
54951
5800
63149
13998
22191
14000
63152
22194
30387
38580
54959
71350
87735
30392
38583
30390
14014
5827
38596
30405
5830
95943
54981
79561
87754
30412
87756
30414
71374
95952
54993
63185
87762
30422
54999
79576
71385
46809
38617
22234
14040
95967
71392
30433
14051
87780
71395
63209
87785
79600
87794
87796
95990
95991
79608
87801
55033
38651
5884
46845
22270
30462
22269
63235
22277
96005
46854
96008
38667
30479
30480
22289
38676
22294
87834
71451
46875
96030
55070
55071
63263
38689
79648
63265
46887
79657
5933
30509
5935
63280
5937
30513
46904
71483
79676
63293
5947
46911
79679
22337
5953
71491
5958
71495
79687
38728
87883
38735
30545
38738
63315
22356
96082
63318
55127
87899
63323
38747
5982
46947
79715
30565
63334
79719
14190
46958
46960
71538
22388
63349
87924
38777
79738
22395
30587
63357
14207
38784
63365
30597
71560
22409
38794
96139
9340
46994
71572
46999
55192
47001
30617
6046
6048
96160
63394
63398
30631
14248
79786
63403
38828
63408
79795
50053
55223
87991
96185
22458
6075
71613
79807
47040
6080
22466
30660
6087
88008
96203
22476
47053
71629
38863
14287
14289
38865
88016
47060
96213
22486
88023
96216
55256
38871
79834
14296
14297
79833
71645
88040
38889
55277
55280
63475
38900
55288
30713
88058
14331
6139
14333
71678
71672
14336
71675
88069
14343
63495
14345
14346
79883
14348
30733
47120
63504
30736
63507
71701
47126
71703
6169
71705
14364
63517
71717
30759
14377
96298
88107
47155
55349
22584
96313
38969
96318
96321
55362
14401
6212
22596
6214
30790
79944
38987
22603
30797
63566
14416
63574
30807
14427
39005
6238
96350
14430
47200
22627
71782
30823
47211
22636
55406
22639
55411
71796
55414
96378
96380
79997
63614
80000
96384
55426
63617
30852
39048
22666
6283
96396
22674
80027
55453
96413
63647
80032
71841
55458
96421
96422
96424
80043
71854
80046
63664
55471
30895
39088
14517
71862
96437
63671
96440
96439
39102
55488
6337
30914
80064
6340
88260
6342
71877
30912
55497
22729
22730
22733
71886
88271
22737
96465
96471
96472
71895
63703
88282
96476
22749
88286
6366
71904
63712
71906
22755
47332
55526
6375
6376
47337
6374
47339
80106
6379
71919
88303
30960
80115
22771
30966
88311
6392
47353
88314
22779
39165
22782
47359
71936
55551
96516
88327
30983
22794
22797
88333
39183
55567
47377
71953
22801
6417
55573
71957
30999
88337
55576
63763
6422
6431
88353
22818
71970
88355
22821
39207
71977
71978
39212
31022
14645
88375
88376
55608
14650
14651
47416
6459
88382
22840
39230
63809
22852
63815
96584
47432
14666
39245
88398
39246
47440
31056
14676
80213
96599
45252
31067
47457
14690
80225
31080
31081
14698
88426
96620
6509
22898
63861
96630
39289
72058
22907
55676
63871
47491
72068
72069
63879
14729
47498
39306
14733
88465
6548
96660
55701
39318
22937
14746
22940
55708
80286
55710
63903
96668
88482
39332
55719
31144
47529
47530
14763
80300
6572
22959
96694
14775
72121
63931
80318
63934
55743
31169
6590
14784
22980
72134
55750
80328
6601
6602
39370
39371
1312
96719
80338
47571
96722
55766
39383
31193
72154
96734
6623
39395
80359
55785
47594
6635
72171
80366
14830
88558
47600
47602
23027
6642
31222
31224
14840
96762
63994
63996
47612
72185
64000
80384
39425
47619
14852
72192
31238
23052
88589
31247
14866
80403
23060
96788
64022
80406
6681
14874
80415
96800
64033
72226
6693
88618
14899
80436
80437
55861
6711
55864
55863
47674
14906
23100
72249
72254
96832
47681
64066
80456
31307
39502
47695
6736
23121
47699
14931
23126
39511
88664
96854
14943
6755
64100
47719
39532
64109
14964
64117
55925
14966
39545
72316
47741
47744
55937
31365
72329
31372
6799
88720
64145
80530
55954
80532
64147
80535
88729
64155
96926
88735
15009
64161
96929
72356
64165
88742
88747
80561
6837
15029
39609
6843
23231
15043
88773
80584
15049
88777
88779
56010
64201
15054
88783
56015
31439
47823
23251
96980
23254
56024
31448
96984
15068
80605
47838
72412
39649
39654
31466
88811
97004
31469
80619
15086
23277
80625
6898
39664
88820
64240
23280
64249
56058
6908
72447
6912
47875
64266
80651
64268
15117
31501
80655
15121
80657
72469
56086
39703
15128
31513
39705
80665
56090
47902
47903
80673
23330
80678
72486
56107
47917
39725
97071
56114
15155
23347
6966
72503
47931
39740
23357
80702
15163
80704
80701
64317
61631
97090
64327
31562
80717
31566
23375
39762
23379
72531
23382
15191
97112
72534
23386
72543
39779
23396
88934
80743
97126
15209
31594
47979
88940
39785
72558
23407
31602
97140
47988
23414
39796
72570
31613
80766
72573
7040
88963
31624
15242
56203
23436
88973
23435
56208
7058
72596
31637
64406
97176
48025
88984
39835
56220
39837
48028
56221
97179
31649
31654
80807
48041
39850
15275
23466
56237
56240
48048
72626
31664
89009
15285
64438
23477
15282
23475
89018
31675
97212
72636
15292
80831
31679
15293
56259
89030
15303
15304
7113
31691
7116
15308
48078
72656
39888
39892
48086
15319
48088
97241
23510
7131
72668
23518
97249
23523
97253
64487
39913
80873
7149
56302
80882
64498
64500
23542
97272
89085
64509
15358
72707
23556
23555
89095
23563
48140
7181
39949
64527
48142
72719
31762
97299
97300
7188
7190
39958
39962
89119
23584
15394
80932
31781
80934
72744
97323
31789
23599
89135
56369
80946
64563
56372
48181
39987
72759
7223
15418
97338
89148
89149
15428
97351
64584
72775
97357
40014
89166
97361
7250
7260
15452
89182
31839
80992
7262
56416
72801
97382
15463
48230
72809
31849
81009
23665
89372
40055
72824
81018
64634
48255
23680
40065
72838
40071
7303
56465
64658
23699
56466
48277
64662
97430
31890
31889
72858
81051
15515
48285
89238
23711
97436
15521
23717
7334
64678
7333
89255
31915
81068
64689
31921
56502
89270
23735
89273
31926
7356
97470
25886
89280
40133
97478
56520
48331
48333
56528
97494
31958
40152
89305
89306
89304
64732
56543
7391
56545
81122
48354
56548
7392
72934
97517
40174
56557
56564
81140
40180
97528
95911
40187
23805
89342
81151
97538
23812
64773
15620
7429
48395
40205
7438
97550
7443
48405
15639
72983
56599
97562
89369
40220
97565
7454
32024
64800
32033
72993
48419
72995
48420
23845
64807
97572
32037
81194
73002
56619
97577
23854
23853
40239
56617
23858
23859
15667
32053
7478
15670
73013
32056
32050
56628
81214
48448
64832
32064
73027
97610
48459
23884
64846
81231
32082
32085
89429
56663
73048
56664
32089
73047
7511
7517
32094
32087
56673
40290
56677
64870
48487
64873
15721
89454
89457
97655
32121
15737
23934
7551
56705
97670
32145
32146
23959
64920
23962
64926
48543
89504
89502
97696
56739
64932
32165
23967
81319
97706
48554
32172
97709
64940
32174
81329
40372
97719
48568
56761
97723
81340
48574
81343
7617
7621
89542
48583
73160
97739
32204
15820
64974
56783
32208
48593
15826
40404
97754
40411
56795
15837
24031
73183
73188
65000
56809
56810
48620
24045
81390
89580
65008
73200
7664
81393
89590
56823
7675
56828
32252
32254
48642
40452
24068
40460
48652
65041
56849
15889
65044
81429
81430
97815
97811
81433
73242
81434
24093
24094
32289
48673
89633
48676
65068
40492
81455
24112
40497
24114
40499
24115
56893
7744
56898
65091
97860
48711
24136
89674
97867
32332
48716
56907
32335
24144
24140
15948
56915
81495
65113
7774
56930
97893
73322
89708
40557
40556
65134
32368
56944
56946
32370
73329
7798
24183
40568
32375
81530
40571
40572
40578
16009
32395
56976
16017
48785
89745
32404
16021
48793
89755
7835
40606
7839
89761
16034
89764
73381
7846
40614
65192
81573
32427
7853
81582
32433
81586
57011
57020
32445
40638
16061
65217
32450
7875
65224
89801
81609
25990
24264
73426
7891
16085
7894
81623
16088
63442
40663
73436
98013
48862
48860
63443
48865
16097
98018
65254
24297
57067
98029
7919
48884
7927
89848
7930
48894
89856
7938
40707
98051
98053
81672
98057
48904
73484
89868
40718
57101
73488
98066
89877
57110
32535
57111
40730
48924
16156
65310
57119
48929
73506
16164
65316
89894
7972
48937
24361
98089
16170
89897
32558
32559
7983
40753
57137
48948
24378
8000
24385
73537
8002
65348
98119
32584
32585
73546
98121
32588
24391
57159
98127
48978
8020
40791
16218
98139
24416
8032
57185
65376
16225
65378
48999
40811
89965
16239
32631
81786
32635
49020
57213
81792
16258
89987
89988
40837
49030
16265
16266
24460
89996
57230
81806
32654
32660
24470
81821
90016
90017
73633
90022
32678
65446
98217
81835
57260
24495
16304
65455
65456
32690
32692
40884
8117
24504
40889
65465
8124
90045
57277
98240
8129
81857
98243
65475
40899
8135
90056
65481
40906
24525
32718
90061
73681
40914
73682
32725
16342
90070
49114
65500
57318
8166
16359
73704
90092
16365
90093
57327
90100
98294
73719
40952
40950
73724
90109
