4880
100000
0.05
8196
98309
73732
8199
8
90121
98312
73739
73740
40973
8206
98317
8208
98321
90130
57363
73747
98325
81941
32791
49175
49179
40989
24607
16417
8226
24611
16419
57381
49190
39
16421
49195
24620
49201
16434
24626
57394
57396
41011
8243
49208
65594
41021
41024
65
66
81987
65605
24646
65608
8265
49226
41035
65611
8268
78
90191
8271
16465
32850
82002
73803
98389
82006
57422
57428
16476
57437
65635
16487
82028
24685
65646
8307
65652
65653
73846
41084
8316
24702
16511
90239
41089
57473
73854
35847
57477
49285
134
16519
16522
16523
82059
90254
82063
16531
32922
24732
32925
24735
16544
49319
41129
65706
8363
90283
41130
90287
90291
49331
57525
49332
179
73912
16569
16572
189
57535
24769
98497
98500
90309
65734
41161
57548
90318
57553
49362
49364
8404
26094
8184
16601
41178
32988
73949
49373
16604
32993
227
82147
33002
16618
236
16621
90355
57588
65781
24823
250
90364
82172
90369
49415
73991
57608
8463
82192
65808
33040
65811
41237
65814
90392
65817
90394
90397
286
287
74016
82210
57635
65828
294
24871
90408
82217
24878
57648
16692
65845
49462
49463
90424
90420
8506
41277
24894
65856
41282
33101
82254
57679
74065
8530
33107
8532
90453
24918
82263
49496
33109
16731
24924
349
65890
65891
98661
49509
49511
24936
57705
90474
33131
74091
24941
33134
65894
65896
33137
24948
74104
24953
57724
57725
41342
383
74112
98685
41346
74115
33154
82309
98695
24968
83703
8587
33167
49551
74129
33170
74130
90520
82328
8603
33179
98716
49567
16802
49571
57766
82343
16809
25005
82349
33202
33206
440
442
98747
65980
98748
444
90559
16836
8648
25034
16842
460
65997
16844
49610
25041
49619
74196
66005
98777
8666
25052
476
57822
82399
16863
25057
25055
74210
33252
82404
41444
66025
49642
25067
16874
82414
495
74223
90608
74226
33267
49652
25076
57840
82423
503
49658
41467
74234
98813
16899
49668
49670
41479
8712
41482
57870
16911
66063
98831
25106
8722
531
49685
98834
535
33296
16924
57886
25121
16931
551
82471
49705
41514
25131
98857
74284
33326
33328
90674
98867
57908
41525
74291
98871
568
98876
8765
66110
33343
82497
90691
98884
33347
579
41539
33350
57930
16973
25167
592
82512
66130
16979
49747
98903
16985
66140
76873
57950
90720
608
57954
74339
612
82533
57960
8809
49770
82536
82538
25197
90734
74347
90736
17009
17011
49780
8821
66166
90742
25208
74363
49788
49789
82563
98948
41604
82566
25220
66184
25222
90762
66187
66188
90765
17036
25231
49803
33417
33426
82571
25233
17051
98972
8862
66207
66208
8865
82597
33447
49831
8876
33453
98990
82604
74413
17074
98994
25266
17080
697
58042
17083
17084
99004
66242
90822
90823
8902
41674
17101
74446
25295
49872
49870
17105
66260
17111
90842
8924
33501
66269
25311
66270
74465
8930
8933
41702
17127
17126
74475
33517
66288
17137
99058
49907
25330
17143
49912
74489
58767
66299
8958
74497
17155
33544
25354
90891
25356
17164
8974
17166
82703
41745
99087
90899
58132
8980
41750
33556
58136
66329
793
33559
8988
797
33567
25378
90919
58152
25384
74538
99112
33580
49964
49966
99119
17197
817
74547
82740
33588
99125
9018
33594
49982
66366
25406
82753
49986
66371
74562
838
66375
58182
17223
82762
74570
17228
74572
74574
99151
846
74579
66389
854
82775
858
33629
41822
864
9057
74593
90979
99172
66405
58213
82784
58215
99177
9066
82789
17262
25455
82802
66421
90998
25462
74617
74618
892
9084
894
25470
33663
50046
17286
82822
33671
9097
99210
9099
66443
99213
50060
66448
66449
58257
50068
17303
41880
74650
66459
82844
25501
25500
58273
25507
9125
58281
58282
58283
17324
58285
66480
58289
58290
9139
17333
82872
50104
58297
41915
58299
41918
82878
50112
17344
41920
17347
33734
66513
50131
91094
9175
25561
91098
50137
988
82909
74718
9180
9184
17377
50144
91107
99300
82908
82915
50153
74730
33771
50156
1006
58352
74738
91124
17397
25594
50172
91133
58366
74751
74752
1025
99330
41986
9216
66565
33799
50185
99338
9228
9229
74766
41999
9231
99345
33810
74772
82964
1046
58395
9245
50206
91168
91169
58401
91173
91176
9257
50218
91177
66601
50219
66970
74800
58420
33845
50230
58423
66618
42042
42044
99391
42049
74817
58435
66629
50246
58439
83016
50249
1094
50252
66976
33872
74836
17500
74849
9318
33895
25705
50282
1131
42089
33901
50283
74859
50288
83057
1137
42099
33910
33913
91258
1147
74876
91260
58497
83077
83082
1164
50316
33936
58513
74898
17553
83092
66704
83093
25752
91289
99482
17561
25756
83101
74909
91294
9376
9377
50337
66723
25763
17574
66727
9386
99498
17580
50350
99503
33970
9395
58547
91316
42166
9399
58552
42168
17588
9403
17596
9409
66756
9413
74950
9416
42185
33996
74957
33998
33997
99535
50380
25810
17619
25804
25820
99549
74974
66782
58592
50402
25827
17638
34023
17642
1259
74988
91373
34027
9451
91376
9456
99570
17650
58610
1266
34035
58615
83192
25848
34037
42232
75005
42241
25858
99585
91396
83206
9478
25867
99598
42256
66836
17684
1301
47477
1305
9497
1307
66844
99613
75038
83226
66848
66846
50467
75046
1321
17708
50477
99630
42284
83248
9524
34100
50487
83256
25914
83265
58689
50499
9540
83267
50504
91465
9546
58699
66893
75088
99666
66899
58709
50518
17750
83288
34137
66906
9558
75096
42329
17758
66911
42339
50533
50539
58733
42350
83310
1392
58737
25969
91502
17780
42357
58748
99709
99710
25983
42367
58754
25987
58755
91529
66953
1419
50573
75151
91536
91537
66961
66963
99732
42389
99734
83351
75160
17813
58771
42393
66972
99741
26014
34206
58784
66977
75169
9634
50592
75172
75174
42406
9638
17833
34210
58799
58801
75188
42420
99766
26039
91573
9658
83387
83388
34238
26046
26049
17858
1475
91587
34245
42438
17861
75212
99788
17870
1487
42448
75219
9684
34261
91605
91607
26072
91609
50650
75226
75229
99809
9698
83428
9701
58854
17894
34277
50668
83436
34284
42476
1517
75249
83442
26099
99823
67061
42486
75247
1528
67064
34296
50683
9724
34301
58879
26113
42499
34309
58886
42508
17932
50700
9740
42512
34320
34317
9748
67093
1561
9754
42523
1564
1562
26142
75290
1568
91680
75302
83495
1576
58922
42544
67122
50739
34356
42549
17973
83511
83514
75323
75325
42557
1599
99905
17986
42563
17989
42565
34375
67145
1609
58953
67148
9806
58959
9808
67154
58963
9812
42583
26200
50780
83549
34397
75365
9831
9832
42604
91758
26223
18033
42611
9843
58996
18036
67189
99960
18041
83576
83578
1658
42618
91777
9862
9863
59016
99980
26252
91790
67214
34449
50835
83605
83610
50844
83616
100000
50850
18084
9893
9894
1705
83626
50859
18091
9901
42670
59055
50857
42674
75446
75447
18102
1721
9914
26296
75449
1726
75459
83652
9925
34499
75463
34504
50889
75466
50891
34508
1739
18127
59088
42705
91857
50896
83667
1744
50901
50903
59094
99670
67283
91869
67295
26341
1767
91880
67305
1768
26344
9974
1782
9976
50937
91898
75515
67322
34557
9981
18166
18176
91908
50949
18180
18183
42760
1800
75531
83724
34573
67342
42764
34576
67345
18194
59155
67348
26389
18198
18199
67352
50969
91926
34589
75551
50975
10017
18210
91945
1836
75565
42799
1839
91953
18226
50993
42800
10036
50997
59194
1850
34618
75581
34623
42817
91971
10052
18245
75591
67401
1866
59211
75603
59222
67414
67420
67421
10080
59245
26478
59251
59253
83831
34679
51065
59258
67451
1916
26490
92025
67448
59261
34684
75649
10115
92039
59273
42890
67467
59275
1934
59279
92051
59284
26517
67476
83864
67485
51101
83870
34717
59300
18340
92070
26536
92073
92074
18348
34734
18352
1969
59314
18355
18359
34744
10169
18361
83900
59325
34750
83902
10176
83903
59330
59328
42948
26565
92107
51148
18382
75727
83920
83918
92112
83923
51156
18389
26581
26583
10200
92119
2008
10195
18397
75741
34783
18401
65530
26595
59367
67560
75753
83944
34795
26604
92137
59369
51183
42991
75757
67567
92143
18421
83957
92152
51192
2040
92155
51193
83967
51202
2051
59397
75782
59398
67592
59400
92172
59407
75795
92180
83989
51221
18458
67611
2076
18462
26656
10276
2087
2088
59433
67627
43053
43056
2096
75825
67635
2100
92211
51257
92217
59449
43069
67648
84033
59458
51267
18500
26692
51270
18503
43077
51274
51277
51283
2132
59477
34902
92250
26721
10339
59492
43109
10343
92264
10344
75881
10347
75884
75885
43116
43119
43120
59504
34930
92275
84085
43126
2167
67702
2169
75898
10363
34941
92286
18558
67712
67709
75906
59523
26755
84100
59526
18570
84108
51341
59534
34959
10384
10383
2193
18579
2198
10391
43162
67739
59547
18589
2205
43166
2204
18586
43170
75942
2215
59560
2214
59562
2216
59565
43181
10415
34994
59576
26809
10425
75963
75966
43201
2243
18628
10441
51403
26831
35026
59607
51416
35033
75991
18649
59612
43227
43230
84186
75992
84190
59610
59611
84196
35045
76005
67813
67810
43241
26858
18667
43246
59631
59630
18670
51442
26871
18687
2305
10501
92424
43274
92427
84236
59664
43281
51475
10516
26900
26910
26911
84256
59680
67874
59683
76068
51493
10534
18726
51492
2350
43311
2351
26929
18734
59699
2358
76089
26937
92475
18751
35136
18755
2372
51525
51533
67924
18773
18777
92506
43357
51549
76128
59745
51556
76137
43370
92522
10604
2416
76144
84339
10611
2421
84341
65610
76151
27001
67961
67962
51577
76155
43391
27008
10625
76161
59778
59780
2437
67974
76166
43400
76171
84364
27021
84365
92563
27028
18837
67988
27031
18840
35224
59800
10646
35228
35229
18848
35236
10660
2471
84394
2477
76207
76208
84401
43442
2480
59831
27063
10681
27069
27077
35274
76239
18898
2516
18901
59861
43479
76248
43482
92634
10725
51685
18922
27115
18924
51693
2540
35306
10736
51697
10738
92657
10743
92666
59900
76287
35329
2562
27137
18951
27144
2569
68106
68108
59916
76303
10768
59922
68114
2581
68117
10778
43547
84508
18973
35358
27168
84514
18978
18981
68134
18983
51750
76329
43561
27179
51749
2605
68142
27183
84530
84531
84535
2616
51769
27202
35396
68174
84559
35410
76371
10838
27231
10848
51807
92773
68199
27240
43626
10859
92780
92778
19055
43631
92785
19059
35445
10872
92796
19070
27266
2691
19077
51846
27273
76425
76427
35470
27279
10897
84626
60052
43669
51861
92823
2714
10906
27294
92836
60070
19113
35506
19126
27318
84664
84667
92860
19132
2750
19142
43719
19143
60105
27338
60106
68296
68303
10960
92879
19154
92882
60118
51927
35543
76505
60125
2784
43746
51941
76518
68326
60138
2795
19178
76525
92911
51953
27377
60148
51959
76536
68343
11002
68347
92924
60157
51963
43775
76544
19203
35589
84742
2830
68367
2831
2833
92946
35600
35604
76568
27418
60187
35612
68380
2847
52000
27423
19234
19231
92967
43815
76585
27431
2859
27436
43821
60207
68402
11058
35636
84786
52022
84791
27446
52025
35644
68413
60222
19263
2879
92993
2884
92999
76616
2892
60237
60238
2894
84816
27473
60242
68435
2905
43867
19291
60253
11103
84832
19297
27491
68453
68454
27495
84839
60264
84841
93036
84845
60271
43888
52080
52079
27508
35701
19318
60278
93044
60281
35706
11131
93051
84861
11134
60287
43904
84859
93058
19331
93060
19335
76681
27530
84884
43931
35744
27555
2980
43942
43946
43947
43948
52144
68529
35762
93107
76724
52145
76726
52151
84920
76725
27578
3003
11196
11197
60349
3011
27589
93127
35785
19401
11211
60364
68556
3022
34793
84946
84948
52181
68566
52186
27611
3036
52189
35805
11231
27610
68577
60386
27619
11236
93152
68584
11243
60396
52205
76779
3057
44018
76788
44021
68602
60411
60413
93182
93183
84993
3074
76803
35844
3078
19463
52232
27656
27658
76810
35850
85004
75511
68623
11279
3089
35860
19478
44058
60446
3102
19492
76841
27694
11310
44083
93236
3131
76860
52286
35902
85056
3137
76863
44100
27718
68681
44106
93258
68684
76877
76878
11337
60496
27727
19531
60501
68694
60503
85080
3160
60505
60507
11350
68695
11360
19553
19555
11364
76902
60522
19563
11373
85102
44145
44147
76915
76921
93307
35965
85118
85117
11394
60546
52355
35973
27783
19594
3210
19596
19598
85139
85141
3223
11416
60573
85151
11426
93347
76964
85157
85158
85159
44199
76963
3243
68782
27823
3248
76977
76978
76981
44215
60600
44217
85178
11450
93369
19646
36035
11460
68805
68812
3278
77007
27857
27858
77016
68825
68826
85211
52443
27866
27865
68832
60642
44259
27876
3303
36075
60655
44272
36081
11510
85239
19704
19705
52473
52475
27899
3326
3327
19712
93440
11524
27910
19720
52490
52491
60684
11533
36110
3341
44304
3344
60686
19731
52500
36118
93463
11545
85273
77081
77085
93472
60705
11554
93473
52523
19759
36146
11571
93494
3382
11576
19770
27964
77117
77118
19775
36162
77122
91855
93510
19783
36169
44638
68939
60748
3407
60753
19797
85333
85334
85336
68953
36187
52572
52573
68956
3421
11613
11612
68962
28002
85349
93542
19815
11629
60782
60786
11634
77172
68981
52597
28023
44408
19832
60794
11642
28027
52598
77184
52608
85379
93572
19848
93576
44427
85388
44428
69006
60817
93589
36247
11673
85402
60827
93594
36253
60830
52639
19873
77218
85411
85412
19874
85414
44463
3506
60851
69044
3510
77240
77241
93625
3515
19900
44478
93632
11714
11716
28101
28102
36295
19912
3532
60883
69076
44506
77276
93663
3553
44513
60899
93666
28129
77287
77288
28135
69097
28139
36332
93677
85489
69107
69109
28150
44535
11768
93689
19964
36350
93695
69119
52737
52738
69121
52741
36368
28176
52752
19989
93721
3609
93725
52766
77343
36385
36386
3620
28198
44583
69163
93741
69166
28207
20017
11826
85553
85554
36405
44596
11825
36408
3641
11833
28215
60979
85565
52797
52800
69185
36418
60995
3652
52805
69190
44621
11854
28239
3662
3669
69207
93783
85593
20056
85597
52830
11869
28256
69217
93794
11871
11876
52836
61030
3683
20072
11882
85611
61037
28274
93812
52852
28281
69242
93818
93820
36478
3713
36481
85635
69255
11919
69264
44690
11922
28306
93846
44694
3738
69275
61083
77471
93856
44705
61090
85667
11940
61093
11947
28331
44716
28334
44720
85680
36530
44724
85685
36533
61111
69302
77498
93883
52924
28349
69309
69311
28353
93890
20163
44743
52937
36554
36555
93899
20173
85711
3792
93905
3791
77523
52948
28369
44759
52954
3803
44762
61148
61150
44766
52955
93921
3809
69345
85734
44775
12008
20202
28395
3820
20205
93933
12010
36593
52979
36595
69364
61174
12023
77560
93943
3835
69371
52989
3838
85758
85756
28418
44804
52998
77575
69382
3849
36618
93962
69390
12048
36625
12050
44819
61204
28437
36630
85785
12058
93977
61211
36638
12070
85798
93991
53032
85802
77611
85804
36653
85807
44850
69427
69428
44855
12087
94012
3901
28478
28483
12100
85829
61254
12101
28488
3916
69453
20302
3918
28493
44880
77650
94035
12109
20309
3926
3919
61272
12120
85851
28510
69471
44895
3939
77668
36708
28518
85861
69480
20329
77674
36718
12143
85871
28529
77682
28531
53108
36723
77681
12151
20337
77690
85885
28542
61311
28547
3973
94085
61319
20359
44940
3983
36752
2420
77715
44948
3988
69527
53147
77725
53150
44958
44961
12194
94113
28580
61349
36775
20391
26848
53163
77739
94123
69551
44976
12209
77746
69555
94130
36787
61364
4024
53177
85945
4028
12220
77757
44991
28606
94146
77762
77764
77766
94153
28618
77772
69581
28621
28623
4047
53200
4050
12245
77783
4058
85980
77788
94179
69606
61416
45033
94188
20461
45036
12271
36846
12273
20465
20467
61428
12276
94197
12279
36856
86008
86004
69624
36860
69628
4091
12281
20480
86016
36866
12290
77828
45058
20486
12291
61450
4109
77844
4118
61464
77848
69660
61469
4127
12320
12321
28705
36899
94244
69671
20520
94249
53291
69675
36907
53294
61490
77876
12340
12342
36920
45113
61496
72467
69694
20543
77886
77887
4162
61510
36936
94281
12362
61515
69707
45133
12366
77897
94289
86099
20566
4183
28759
94297
86107
4190
4191
86111
77921
53345
28766
94306
61541
69734
12391
53354
28781
94318
45165
94320
4210
45171
45173
69750
61560
77944
28794
77947
86138
86139
94337
36995
86148
61573
53382
86151
28807
86156
77964
86158
28815
92023
86162
77980
12446
77982
45217
94369
61604
20644
61607
94376
28841
4265
86188
86193
69811
78008
4280
28858
37051
53436
20669
12472
53439
86209
53442
4291
45251
94403
78033
53457
20691
37076
78037
28886
4311
69848
61654
28890
61653
78045
94429
4321
37089
37094
69863
45286
86250
45291
45292
61678
53487
94448
12530
94451
94452
86261
78074
37116
37119
12545
28931
53512
94474
4362
53517
86286
78096
4372
86294
61719
78103
45337
20763
28960
4389
45353
28969
86315
4395
28973
37165
78127
53552
37166
12594
78131
69944
94521
69946
86329
45372
61757
37180
69951
94530
20803
86340
45378
83921
37206
29019
94556
69981
61789
20827
78172
20833
4451
53604
69989
94563
20840
4460
86380
61806
61807
37232
20848
53618
4467
20852
12660
12663
29053
78205
37247
61822
4481
86397
61827
45443
20862
29063
37256
12681
20874
94603
45452
45454
70031
4496
53648
20878
53646
53652
86421
20887
86424
94615
4506
4505
37275
94621
78232
20895
20896
70048
12708
78246
61862
86444
78252
45485
37298
37299
94644
86450
4531
70071
37301
29115
12732
70080
4546
61891
29128
53708
45518
94671
86480
29136
78288
94685
29150
12766
70113
12771
78308
37349
45543
78312
70121
86506
86508
37357
4590
29167
45554
20982
61944
53752
4602
37370
94713
53758
70146
20995
29188
70149
4613
20999
78343
21001
29193
86539
70155
21005
94735
61968
61969
61967
45585
86549
61974
53782
4632
70170
12827
94746
12826
37407
78368
12837
53797
70183
4650
37419
53803
4656
53810
86578
78388
86582
45623
29246
53827
4676
86597
70215
29262
37455
94801
12882
29270
66062
78425
62041
37468
37469
21087
78432
78434
4711
70247
21095
70250
78440
62062
29295
45680
94832
94834
37491
62064
45682
21110
86639
21105
62073
12918
78461
45700
29321
45706
21133
21134
62095
4755
78485
37526
45721
53916
70304
45729
70306
37542
45734
12968
78506
78509
53936
21170
94900
45749
45753
70332
12989
21181
4800
37568
53955
78532
45765
78531
27007
62153
94922
94924
21197
45774
62160
37584
53970
13010
86742
53975
94936
78553
78554
37595
53979
4829
13022
45792
29409
78562
13027
70371
53989
53985
94951
62186
70382
86767
62192
21232
62193
29428
21236
70390
94967
78582
62202
78586
21242
4862
13054
21247
78590
62208
86787
37636
4869
13062
13063
86790
4873
21263
70416
29457
78607
54035
4883
54033
86807
95001
29466
70425
13086
62239
29472
86817
21282
86821
86822
86823
29479
37673
13093
62249
70444
62256
54067
4919
95031
62268
13119
54081
4930
78659
54084
21319
29511
70478
45903
78672
70481
21330
86867
86865
13137
45904
70488
86873
13148
21343
45920
21344
21346
29539
4964
37733
86886
86887
54121
4970
95084
4972
4974
13167
54127
37745
54129
13174
4983
37752
29562
70522
21374
13185
13187
95110
4998
21382
62345
86922
13196
62350
70544
13203
37779
62357
21398
5013
78744
54169
86942
21407
21408
29601
37794
13219
21412
62373
95144
62379
91377
86959
95151
62383
95154
86968
70587
13243
78780
46012
29632
86981
46023
29642
46031
5072
70608
95186
46033
70612
37844
21455
37847
87003
95196
29661
54239
21473
46051
21476
13285
70630
62438
87011
21479
70634
54250
5100
54251
95212
70639
21482
70641
62450
5107
54259
78839
62455
95226
5115
37885
13310
62463
5119
29697
5124
95239
5128
87048
29706
54282
70671
87055
54288
95248
21522
54295
87065
13339
37915
54299
62494
5151
37919
87073
78878
78883
62500
46117
13350
21539
5160
62502
78891
29740
13357
21552
37936
78900
87093
95286
21559
21562
70718
70719
62530
95300
29767
29768
21575
78922
70731
13387
37968
70737
62546
87123
78932
5206
62552
78937
95321
13403
29784
37981
21600
87138
5218
21604
62565
13413
70760
54379
78956
70764
78955
29803
62576
54385
54388
21621
13430
46199
38010
5244
54398
70783
87166
87169
38017
70787
46212
5253
21640
95369
29833
70795
13454
21647
13455
87183
29842
54419
70803
78995
87191
95388
21660
46241
21671
5288
29865
29869
70830
54445
54450
79029
62645
54454
87224
79032
13498
79037
62654
87231
87238
13510
38093
79053
5327
62673
70865
79059
21713
13521
13527
21722
62683
38108
21725
46304
21734
13542
38121
79081
62699
21740
87278
21744
21745
70900
29941
5366
21750
70904
79096
62714
87290
87291
79097
5369
46335
54523
87301
13573
87303
21769
29962
5386
70922
29965
21774
29972
62741
29974
79127
70935
79128
13594
38172
87330
38179
21796
54565
70946
79138
79146
5418
29996
46385
70963
21813
46395
21821
54590
21823
62782
5441
87362
95551
46406
38215
46407
21831
13641
5451
13645
30031
21844
95573
46422
70999
30039
87383
87386
46426
62812
21850
62815
54623
5473
79203
46436
13669
30054
13671
87399
62822
95594
30055
46445
13677
5492
38260
54646
30072
21880
62840
5499
79230
87423
54660
95624
54665
5512
95632
21906
5523
62868
5524
30102
71065
5530
38302
71071
95648
21920
5539
21928
13740
87473
54711
38328
30137
38329
62905
21946
79289
30142
87483
71104
95680
13761
87488
5572
21958
13767
46536
54730
21963
5585
87506
30165
54742
30170
95710
54751
38368
79331
38371
13797
87527
95719
46567
5610
38381
30191
62964
54775
54776
87546
5626
87548
13821
13822
71166
71168
87555
22024
30229
71189
87574
79383
95772
46621
38429
13852
30245
71212
87597
30253
5680
71217
5685
95797
79416
38457
38458
87611
63039
87618
79426
54852
13892
38470
38472
5704
71240
46671
13906
38482
95828
38485
79446
87637
95832
5716
30299
71260
95837
22110
95838
71262
79457
46690
63072
13925
22118
95848
46698
71274
22122
30317
71279
87664
95856
38514
95859
79476
79478
63095
13943
87673
30330
5752
5755
63104
54916
54918
5768
46728
63113
13963
71309
87694
54927
22159
71311
30349
95887
5774
95885
13967
46743
95896
5783
22172
22174
87710
63135
30366
13984
95909
38566
95912
13994
79531
22188
22189
13998
22190
79536
63149
38571
46773
63157
95927
14008
79543
95931
79548
22205
46781
14021
95941
71365
22216
38598
54981
63179
87749
30407
46801
14038
54999
71388
63197
22238
79585
22242
95969
22241
22248
38633
71404
95988
46842
38651
71420
30461
63232
30465
38658
55043
14081
63237
79624
71432
63243
71436
5900
79632
71441
30482
14096
55060
46869
79640
71449
14107
14108
46879
5922
22309
71465
87851
38700
5935
30512
22321
87858
46897
14132
79669
5943
38717
38718
5949
96065
96067
79684
14151
63304
87880
79691
87884
30541
30540
30539
71500
71505
5970
71506
22354
38741
96085
46936
5977
14170
5981
87904
14179
30566
14183
87912
5993
63335
30571
71534
14190
87924
22390
63350
63353
46971
46974
14213
30599
38791
30601
22409
30604
14222
87950
87951
22419
71571
47004
47005
79773
87969
47012
22439
55207
30638
38838
14264
79804
14270
30656
55233
88000
55232
14278
38856
6089
88010
96202
30668
88013
71624
96209
88017
47060
88022
71638
47064
30680
63448
79837
96221
63455
63456
47075
6118
71657
88042
47082
63468
55276
63469
55278
14314
96233
38898
55282
55284
6130
79861
63479
30707
47097
79870
88068
30727
79880
30729
14344
88076
71694
63503
6160
63504
63514
55324
96286
22559
79904
14369
6178
30753
96291
30757
47141
96290
96294
22568
30762
63527
55340
88109
6190
22574
38972
71741
88126
6207
38976
47169
22594
47171
96316
63563
30797
63565
79951
55377
96339
14420
63572
6228
88151
88152
47193
88154
30811
71771
22618
22622
96352
22625
63589
30825
14444
96365
22638
63599
55408
88177
6253
22644
39031
47224
22647
63611
63612
96380
63614
96382
88189
80001
63617
88195
55427
39043
14464
47239
6272
30857
6281
30853
71821
22676
55447
55449
96410
63642
22682
22687
80031
6304
30885
88230
96423
6312
30887
14507
22700
14509
47276
96431
80048
47282
47284
88244
88252
88253
39102
96449
55494
39111
6345
22729
30925
39120
55505
6355
63700
30933
22742
39129
6362
14554
22745
80093
88286
88285
6368
88289
14561
30940
47335
80103
71916
55533
14577
63730
96499
80116
63733
96498
88313
39162
47353
80123
47358
47360
80129
96514
30978
80132
80134
47366
71943
63750
30992
30995
39188
88343
6424
71961
63771
88349
39200
96546
55587
63784
31017
31016
47403
63787
47400
39214
55599
96560
71983
31021
6454
71994
88378
22844
47421
63802
63806
47424
22843
39235
14662
47431
80199
88398
14671
55632
47441
96590
31061
80215
88409
6489
39262
22879
55650
55653
14694
14695
80234
80235
63852
47469
47471
39283
72051
22901
55669
88439
6519
47481
96634
31099
22908
88445
72062
63863
31105
22913
14722
80263
72073
14730
22923
6540
14741
88470
39319
47512
6556
6558
88479
22943
72097
31139
63908
88485
14758
14759
39334
6565
47530
22952
39341
47534
63917
22962
72115
31159
31162
80315
72125
14785
14786
55746
80323
31172
31174
22983
22984
72137
72138
63946
63948
55755
39374
6609
23000
14809
31192
31195
96732
23006
96735
47584
55777
23010
96736
72160
72165
14823
39400
47598
88559
63983
6641
63986
6643
47603
55793
39414
14841
47610
55803
31225
23037
72194
6659
72196
23047
39434
72207
64016
7839
96788
55833
64026
80411
55836
47645
80414
96802
80421
47653
88615
88616
80425
39468
55853
64047
31280
96815
23090
23091
31283
72245
31284
64054
39473
88634
14907
72252
23100
72251
55870
72250
88641
64060
23111
96847
31317
23128
23129
6747
80476
47710
64095
64096
88674
64098
31333
88677
14951
47720
88684
64109
31342
47727
14963
55927
47739
6780
88701
64130
39556
6789
96903
6792
55946
39565
14993
64145
14995
39573
96919
47770
47772
88732
96926
23204
6821
80555
96942
80559
15025
88754
88756
39606
80567
6839
23225
31419
23230
47809
96963
96966
39622
56009
72393
47819
72398
64207
47827
39635
96979
72406
56023
31448
88793
96988
56030
64223
6880
88801
23265
80607
6884
80613
6888
15081
31467
6892
15085
15084
72428
39664
31473
6901
88822
80632
72442
56059
23292
88827
72448
88836
6917
23303
39689
97035
15115
39693
31502
88845
80656
80657
80658
64275
23316
97044
15123
47895
31512
88856
97050
97051
88857
23325
80670
97052
6945
72483
88868
72487
47912
31529
47911
80683
23341
88880
31536
6965
72503
47928
64313
39739
31548
88893
97087
88897
39746
64322
15172
56134
97098
39755
88909
97101
72526
72525
47953
56146
15186
97104
39765
23375
64344
23384
15194
23387
80732
7004
15202
47973
15206
47980
80752
31602
72563
56180
97143
88953
31611
72573
88958
56191
48001
23427
88964
39814
15238
72582
31625
88971
39821
31630
88975
7054
64398
23442
39822
31632
64400
15254
31639
97177
88986
80796
97184
48033
80802
23460
64421
7078
80808
23464
97194
48043
80811
15274
97196
56239
56240
39854
64425
31667
7092
48055
72633
64443
80828
48061
7106
72643
7110
23495
7112
89033
23498
15306
31693
15311
72656
31697
89039
80852
48085
48084
15319
23518
89055
39904
7137
48095
48099
7140
7139
39905
56300
15343
56303
80884
80885
31735
48119
31738
7163
89086
72703
89088
72706
64516
48136
72715
48140
97294
72719
64531
56341
72726
15382
7192
97305
39963
89117
72735
23583
80931
56356
15400
72745
7211
48172
7212
72750
72752
72754
48179
31797
39990
97336
48185
64571
89147
48193
64578
23618
64581
56390
80970
72781
23630
72782
40013
72785
48210
72783
15444
31829
72792
7257
15450
72795
40028
23647
56418
64612
40037
89191
56428
15470
23662
31858
81017
97402
72829
64642
31875
15491
89223
23688
81033
64650
64651
48269
64656
7314
7317
56470
72855
89238
48281
89243
97437
23714
72869
7338
89260
40108
48307
48308
97459
15542
23734
56504
48313
81078
7355
15550
15551
23746
40131
40133
31942
48327
72902
40137
81095
48331
97485
64720
89296
89299
81109
81111
15576
40151
72922
72924
15582
64734
81122
15588
89317
97510
56552
31977
15592
89320
7402
31976
23793
89332
89333
97525
72952
56571
48380
97537
40194
32006
97547
48396
40205
23822
97550
81164
48406
64791
81177
23835
7456
40226
81186
40228
72997
81193
81196
15663
40239
97585
89393
64819
40242
48435
32049
56625
48437
81203
64824
73025
32065
73031
15689
89421
40270
32079
73041
73042
32091
81244
40285
56671
7523
64870
81255
48486
23911
48490
15728
89459
32116
32117
15733
97653
56691
89465
89467
89471
48512
40321
56706
40323
40325
81286
32136
64904
73100
48526
15758
15760
7566
56723
32149
32150
97687
56728
73111
48538
89499
15765
64929
56739
89508
97703
23976
48555
7596
56751
15792
73137
32176
23987
56756
23988
73142
64950
81334
32183
48568
56763
15804
97723
48571
23996
15811
40390
24006
15816
15819
15822
97745
97747
64980
89555
97583
73175
73176
64984
97754
48605
89569
89571
24036
40421
64998
56807
48613
97772
89581
81391
89584
81395
65012
81396
73206
56822
24056
15866
56826
15873
7682
81409
89601
48644
81414
24071
73224
56838
48650
14553
32273
73235
97812
56859
40477
32286
97823
7716
81444
32296
15915
56878
97839
7728
15923
7732
73268
48698
40506
48702
81474
32323
56899
48708
73286
89670
56898
32330
40523
48716
32331
32334
56910
24142
32341
40533
15959
81495
81498
7771
48734
65118
81504
15969
48745
89707
65133
40560
73330
24179
24180
81524
81526
56951
48757
89718
40569
15996
32389
40581
65157
48775
97928
40585
65159
24200
48781
16008
48784
97936
97938
65170
7828
81554
81552
56983
32403
56986
89755
73370
81565
65182
97951
73375
89761
40610
65187
32420
32421
89763
24231
73384
57002
48812
89775
97968
81585
24240
16050
89780
32432
65209
97986
65219
97987
81609
89804
7886
73423
24272
40657
7890
40661
98006
48855
7896
89817
73435
16092
24285
48862
57057
65250
81637
40678
73449
81644
48878
57072
40695
73464
32508
81668
98053
57094
98056
65289
98058
89867
57100
40722
24339
98066
16148
73491
89875
73496
57120
7972
48933
16167
66714
48937
98090
16169
48944
89908
65333
40757
73527
7993
40762
26012
32573
98113
32578
48961
57156
81733
40772
65351
98121
32588
8012
55326
24407
48985
48986
65371
32601
57182
40801
8035
81768
32616
81769
32619
81771
40814
8047
65391
16241
57202
40820
73589
65398
89974
49017
8058
24441
49020
8060
40829
16262
57222
40839
89992
32650
40845
81811
57237
73624
49048
98202
24475
73629
98208
90019
90020
57252
40870
49063
65447
8102
49066
98221
81839
98227
81843
49076
57268
32693
40888
49081
40890
98240
40896
16321
8132
65478
40902
40907
32716
81869
8141
16335
57296
73681
24527
8144
49111
57305
73690
90073
90077
73694
81891
32740
16360
57320
98283
90092
49134
16366
40943
98289
65521
90099
90097
8178
8182
57335
24560
81914
81916
49149
